 barrier_parameter: 2.048000000000001e-09
 barrier_tolerance: 2.048000000000001e-09
          cg_niter: 4153
      cg_stop_cond: 4
            constr: [array([-1.72834791e+02, -1.55713865e-04, -1.78567922e-05, -1.01694504e-05,
       -4.40491831e-06, -2.16760762e-06, -1.21563793e-06, -7.27624031e-07,
       -4.61399027e-07, -3.05036840e-07, -2.10666444e-07, -1.50626347e-07,
       -1.09792376e-07, -8.20105472e-08, -6.26232222e-08, -4.85075771e-08,
       -3.82469105e-08, -3.05860257e-08, -2.47100203e-08, -2.01630765e-08,
       -1.66247838e-08, -1.38227045e-08, -1.15861223e-08, -9.79091874e-09,
       -8.33132274e-09, -7.13180581e-09, -6.14004403e-09, -5.31376787e-09,
       -4.62105731e-09, -4.03699296e-09, -3.54219098e-09, -3.12121884e-09,
       -2.76127166e-09, -2.45171594e-09, -2.18415863e-09, -1.95196703e-09,
       -1.74972037e-09, -1.57293845e-09, -1.41788492e-09, -1.28145095e-09,
       -1.16101928e-09, -1.05438125e-09, -9.59680779e-10, -8.75349571e-10,
       -8.00059574e-10, -7.32681249e-10, -6.72236489e-10, -6.17895513e-10,
       -5.68934677e-10, -5.24728705e-10, -4.84738027e-10, -4.48488136e-10,
       -4.15568024e-10, -3.85616206e-10, -3.58316932e-10, -3.33395755e-10,
       -3.10603099e-10, -2.89725355e-10, -2.70570233e-10, -2.52973642e-10,
       -2.36783038e-10, -2.21864305e-10, -2.08101092e-10, -1.95390815e-10,
       -1.83634885e-10, -1.72750481e-10, -1.62660996e-10, -1.53299151e-10,
       -1.44602552e-10, -1.36514133e-10, -1.28984823e-10, -1.21968435e-10,
       -1.15422338e-10, -1.09313225e-10, -1.03600684e-10, -9.82589565e-11,
       -9.32565136e-11, -8.85682638e-11, -8.41713366e-11, -8.00435274e-11,
       -7.61657404e-11, -7.25211002e-11, -6.90896229e-11, -6.58597621e-11,
       -6.28164187e-11, -5.99460481e-11, -5.72377701e-11, -5.46811485e-11,
       -5.22653032e-11, -4.99813524e-11, -4.78195261e-11, -4.57753835e-11,
       -4.38391545e-11, -4.20024016e-11, -4.02629041e-11, -3.86093379e-11,
       -3.70428133e-11, -3.55526719e-11, -3.41371376e-11, -3.27915473e-11,
       -3.15112381e-11, -3.02922132e-11, -2.91318081e-11, -2.80249157e-11,
       -2.69695377e-11, -2.59656741e-11, -2.50057752e-11, -2.40898412e-11,
       -2.32149855e-11, -2.23793206e-11, -2.15798490e-11, -2.08160156e-11,
       -2.00852668e-11, -1.93857153e-11, -1.87165838e-11, -1.80748749e-11,
       -1.74606996e-11, -1.68720593e-11, -1.63069558e-11, -1.57655000e-11,
       -1.52444724e-11, -1.47470924e-11, -1.42674761e-11, -1.38080658e-11,
       -1.33650868e-11, -1.29410926e-11, -1.25324195e-11, -1.21394006e-11,
       -1.17610366e-11, -1.13978826e-11, -1.10476073e-11, -1.07115428e-11,
       -1.03863584e-11, -1.00736086e-11, -9.77196102e-12, -9.48163770e-12,
       -9.20152843e-12, -8.93196628e-12, -8.67084182e-12, -8.41915426e-12,
       -8.17679258e-12, -7.94275756e-12, -7.71649411e-12, -7.49755813e-12,
       -7.28594962e-12, -7.08233472e-12, -6.88538115e-12, -6.69420075e-12,
       -6.51056986e-12, -6.33149089e-12, -6.15973939e-12, -5.99220673e-12,
       -5.83111337e-12, -5.67423886e-12, -5.52335955e-12, -5.37647704e-12,
       -5.23514565e-12, -5.09736697e-12, -4.96447328e-12, -4.83502127e-12,
       -4.71023220e-12, -4.58821869e-12, -4.47131221e-12, -4.35707026e-12,
       -4.24682511e-12, -4.13968859e-12, -4.03499456e-12, -3.93440835e-12,
       -3.83693077e-12, -3.74167364e-12, -3.64930308e-12, -3.55981911e-12,
       -3.47233353e-12, -3.38817863e-12, -3.30624417e-12, -3.22619709e-12,
       -3.14948068e-12, -3.07354142e-12, -3.00048875e-12, -2.92943447e-12,
       -2.86126678e-12, -2.79354317e-12, -2.72826206e-12, -2.66497935e-12,
       -2.60325095e-12, -2.54318788e-12, -2.48512322e-12, -2.42794673e-12,
       -2.37276865e-12, -2.31881181e-12, -2.26685337e-12, -2.21578311e-12,
       -2.16604512e-12, -2.11797246e-12, -2.07101003e-12, -2.02582395e-12,
       -1.98108197e-12, -1.93722816e-12, -1.89515070e-12, -1.85440552e-12,
       -1.81454851e-12, -1.77524662e-12, -1.73727699e-12, -1.70041758e-12,
       -1.66400227e-12, -1.62880820e-12, -1.59472435e-12, -1.56130664e-12,
       -1.52899915e-12, -1.49680268e-12, -1.46571644e-12, -1.43596246e-12,
       -1.40643053e-12, -1.37778677e-12, -1.34958711e-12, -1.32194256e-12,
       -1.29607436e-12, -1.26965105e-12, -1.24478206e-12, -1.21980204e-12,
       -1.19526611e-12, -1.17222898e-12, -1.14941390e-12, -1.12676535e-12,
       -1.10467191e-12, -1.08357767e-12, -1.06259446e-12, -1.04249942e-12,
       -1.02229336e-12, -1.00275344e-12, -9.83879644e-13, -9.65671987e-13,
       -9.47353307e-13, -9.29700761e-13, -9.12603326e-13, -8.95727936e-13,
       -8.79074591e-13, -8.63087379e-13, -8.47766302e-13, -8.32056646e-13,
       -8.16902102e-13, -8.02691247e-13, -7.87814258e-13, -7.74380560e-13,
       -7.60058683e-13, -7.47069073e-13, -7.34190486e-13, -7.21089854e-13,
       -7.08433312e-13, -6.96498414e-13, -6.84341472e-13, -6.72795153e-13,
       -6.61248833e-13, -6.50091092e-13, -6.38933351e-13, -6.28608277e-13,
       -6.17839113e-13, -6.07736084e-13, -5.97966121e-13, -5.88085136e-13,
       -5.78426196e-13, -5.68767256e-13, -5.59774449e-13, -5.50948176e-13,
       -5.42232925e-13, -5.33184608e-13, -5.24691401e-13, -5.16697796e-13,
       -5.08593168e-13, -5.00932629e-13, -4.92828001e-13, -4.85278484e-13,
       -4.77839990e-13, -4.70679051e-13, -4.63518113e-13, -4.56357174e-13,
       -4.49640325e-13, -4.43090009e-13, -4.36317649e-13, -4.30266933e-13,
       -4.23661106e-13, -4.17776924e-13, -4.11448653e-13, -4.05675493e-13,
       -4.00013356e-13, -3.94184685e-13, -3.88800103e-13, -3.83193477e-13,
       -3.77808895e-13, -3.72646358e-13, -3.67483821e-13, -3.62376795e-13,
       -3.57491814e-13, -3.52717855e-13, -3.47943896e-13, -3.43280959e-13,
       -3.38729045e-13, -3.34510197e-13, -3.29958283e-13, -3.25822702e-13,
       -3.21409566e-13, -3.17440518e-13, -3.13193915e-13, -3.09474668e-13,
       -3.05533376e-13, -3.01675351e-13, -2.97928349e-13, -2.94209102e-13,
       -2.90656388e-13, -2.87270208e-13, -2.83661983e-13, -2.80275803e-13,
       -2.76945133e-13, -2.73864265e-13, -2.70561351e-13, -2.67369460e-13,
       -2.64344102e-13, -2.61402011e-13, -2.58348898e-13, -2.55545585e-13,
       -2.52686760e-13, -2.49883447e-13, -2.47191156e-13, -2.44498866e-13,
       -2.41806575e-13, -2.39169795e-13, -2.36810571e-13, -2.34340325e-13,
       -2.31870079e-13, -2.29510855e-13, -2.27040609e-13, -2.24875674e-13,
       -2.22599716e-13, -2.20462537e-13, -2.18380869e-13, -2.16077156e-13,
       -2.14050999e-13, -2.12052598e-13, -2.10109707e-13, -2.08166817e-13,
       -2.06279438e-13, -2.04281037e-13, -2.02504680e-13, -2.00756078e-13,
       -1.99007477e-13, -1.97231120e-13, -1.95565786e-13, -1.93872696e-13,
       -1.92457161e-13, -1.90708560e-13, -1.89237515e-13, -1.87627691e-13,
       -1.86239912e-13, -1.84852134e-13, -1.83408844e-13, -1.82021065e-13,
       -1.80688797e-13, -1.79342652e-13, -1.78135284e-13, -1.76858528e-13,
       -1.75637282e-13, -1.74527059e-13, -1.73278059e-13, -1.72223347e-13,
       -1.71085368e-13, -1.70030656e-13, -1.69003700e-13, -1.67948988e-13,
       -1.67033054e-13, -1.66075487e-13, -1.65145675e-13, -1.64299130e-13,
       -1.63480340e-13, -1.62606040e-13, -1.61731739e-13, -1.61010094e-13,
       -1.60316205e-13, -1.59552926e-13, -1.58928426e-13, -1.58192903e-13,
       -1.57623914e-13, -1.57041047e-13, -1.56430424e-13, -1.55903068e-13,
       -1.55375712e-13, -1.54959379e-13, -1.54515289e-13, -1.54098956e-13,
       -1.53738133e-13, -1.53363433e-13, -1.53044244e-13, -1.52766688e-13,
       -1.52489132e-13, -1.52294843e-13, -1.52128310e-13, -1.51961776e-13,
       -1.51850754e-13, -1.51760549e-13, -1.51711976e-13, -1.51698099e-13,
       -1.51739732e-13, -1.51822999e-13, -1.51934021e-13, -1.52100554e-13,
       -1.52280966e-13, -1.52509949e-13, -1.52794444e-13, -1.53120572e-13,
       -1.53516089e-13, -1.53876911e-13, -1.54404267e-13, -1.54896929e-13,
       -1.55486735e-13, -1.56104296e-13, -1.56832880e-13, -1.57568403e-13,
       -1.58345559e-13, -1.59240676e-13, -1.60163549e-13, -1.61204383e-13,
       -1.62314606e-13, -1.63445646e-13, -1.64687708e-13, -1.66013037e-13,
       -1.67414693e-13, -1.68927372e-13, -1.70530257e-13, -1.72226816e-13,
       -1.74041337e-13, -1.75939124e-13, -1.77982629e-13, -1.80157972e-13,
       -1.82458215e-13, -1.84904175e-13, -1.87488913e-13, -1.90240185e-13,
       -1.93151051e-13, -1.96235389e-13, -1.99548711e-13, -2.03035505e-13,
       -2.06751283e-13, -2.10720330e-13, -2.14911422e-13, -2.19414764e-13,
       -2.24188723e-13, -2.29276667e-13, -2.34725434e-13, -2.40552370e-13,
       -2.46771353e-13, -2.53446569e-13, -2.60583222e-13, -2.68271516e-13,
       -2.76535739e-13, -2.85420992e-13, -2.95034830e-13, -3.05403272e-13,
       -3.16642546e-13, -3.28833315e-13, -3.42090939e-13, -3.56543788e-13,
       -3.72344516e-13, -3.89643179e-13, -4.08664422e-13, -4.29628555e-13,
       -4.52825277e-13, -4.78571176e-13, -5.07260900e-13, -5.39381040e-13,
       -5.75504054e-13, -6.16322531e-13, -6.62719012e-13, -7.15775095e-13,
       -7.76850806e-13, -8.47680433e-13, -9.30510877e-13, -1.02826363e-12,
       -1.14483726e-12, -1.28549320e-12, -1.45750035e-12, -1.67111355e-12,
       -1.94120262e-12, -2.28999578e-12, -2.75194147e-12, -3.38281833e-12,
       -4.27787200e-12, -5.61097886e-12, -7.72820057e-12, -1.14034440e-11,
       -1.86818612e-11, -3.65798842e-11, -1.02046831e-10, -9.59022010e-06,
       -3.98490154e-06, -8.85507514e-10, -8.40903884e-11, -2.76956540e-09,
       -1.74484296e+02, -1.64234489e+00, -1.63539231e+00, -1.62864722e+00,
       -1.62195392e+00, -1.61529456e+00, -1.60865896e+00, -1.60204271e+00,
       -1.59544366e+00, -1.58886057e+00, -1.58229274e+00, -1.57573969e+00,
       -1.56920112e+00, -1.56267682e+00, -1.55616664e+00, -1.54967046e+00,
       -1.54318822e+00, -1.53671983e+00, -1.53026527e+00, -1.52382448e+00,
       -1.51739744e+00, -1.51098412e+00, -1.50458450e+00, -1.49819857e+00,
       -1.49182631e+00, -1.48546771e+00, -1.47912276e+00, -1.47279145e+00,
       -1.46647378e+00, -1.46016974e+00, -1.45387931e+00, -1.44760251e+00,
       -1.44133932e+00, -1.43508975e+00, -1.42885378e+00, -1.42263142e+00,
       -1.41642266e+00, -1.41022750e+00, -1.40404593e+00, -1.39787797e+00,
       -1.39172360e+00, -1.38558283e+00, -1.37945564e+00, -1.37334205e+00,
       -1.36724205e+00, -1.36115564e+00, -1.35508282e+00, -1.34902359e+00,
       -1.34297794e+00, -1.33694588e+00, -1.33092740e+00, -1.32492251e+00,
       -1.31893121e+00, -1.31295349e+00, -1.30698935e+00, -1.30103880e+00,
       -1.29510182e+00, -1.28917844e+00, -1.28326863e+00, -1.27737241e+00,
       -1.27148976e+00, -1.26562070e+00, -1.25976522e+00, -1.25392332e+00,
       -1.24809500e+00, -1.24228027e+00, -1.23647911e+00, -1.23069153e+00,
       -1.22491753e+00, -1.21915711e+00, -1.21341028e+00, -1.20767702e+00,
       -1.20195734e+00, -1.19625124e+00, -1.19055872e+00, -1.18487977e+00,
       -1.17921441e+00, -1.17356263e+00, -1.16792442e+00, -1.16229979e+00,
       -1.15668874e+00, -1.15109127e+00, -1.14550738e+00, -1.13993706e+00,
       -1.13438033e+00, -1.12883717e+00, -1.12330759e+00, -1.11779159e+00,
       -1.11228916e+00, -1.10680032e+00, -1.10132505e+00, -1.09586336e+00,
       -1.09041525e+00, -1.08498071e+00, -1.07955975e+00, -1.07415237e+00,
       -1.06875857e+00, -1.06337834e+00, -1.05801170e+00, -1.05265862e+00,
       -1.04731913e+00, -1.04199322e+00, -1.03668088e+00, -1.03138211e+00,
       -1.02609693e+00, -1.02082532e+00, -1.01556729e+00, -1.01032284e+00,
       -1.00509197e+00, -9.99874667e-01, -9.94670945e-01, -9.89480800e-01,
       -9.84304233e-01, -9.79141242e-01, -9.73991829e-01, -9.68855992e-01,
       -9.63733733e-01, -9.58625050e-01, -9.53529944e-01, -9.48448415e-01,
       -9.43380463e-01, -9.38326088e-01, -9.33285289e-01, -9.28258067e-01,
       -9.23244423e-01, -9.18244354e-01, -9.13257863e-01, -9.08284949e-01,
       -9.03325611e-01, -8.98379850e-01, -8.93447665e-01, -8.88529058e-01,
       -8.83624027e-01, -8.78732572e-01, -8.73854695e-01, -8.68990394e-01,
       -8.64139670e-01, -8.59302522e-01, -8.54478951e-01, -8.49668957e-01,
       -8.44872539e-01, -8.40089698e-01, -8.35320433e-01, -8.30564745e-01,
       -8.25822634e-01, -8.21094099e-01, -8.16379140e-01, -8.11677759e-01,
       -8.06989954e-01, -8.02315725e-01, -7.97655073e-01, -7.93007997e-01,
       -7.88374498e-01, -7.83754576e-01, -7.79148230e-01, -7.74555460e-01,
       -7.69976267e-01, -7.65410651e-01, -7.60858611e-01, -7.56320147e-01,
       -7.51795260e-01, -7.47283950e-01, -7.42786216e-01, -7.38302058e-01,
       -7.33831477e-01, -7.29374472e-01, -7.24931044e-01, -7.20501192e-01,
       -7.16084917e-01, -7.11682218e-01, -7.07293095e-01, -7.02917549e-01,
       -6.98555580e-01, -6.94207187e-01, -6.89872370e-01, -6.85551129e-01,
       -6.81243465e-01, -6.76949378e-01, -6.72668867e-01, -6.68401932e-01,
       -6.64148574e-01, -6.59908792e-01, -6.55682586e-01, -6.51469957e-01,
       -6.47270904e-01, -6.43085428e-01, -6.38913528e-01, -6.34755205e-01,
       -6.30610457e-01, -6.26479287e-01, -6.22361692e-01, -6.18257674e-01,
       -6.14167232e-01, -6.10090367e-01, -6.06027078e-01, -6.01977365e-01,
       -5.97941229e-01, -5.93918669e-01, -5.89909686e-01, -5.85914278e-01,
       -5.81932448e-01, -5.77964193e-01, -5.74009515e-01, -5.70068413e-01,
       -5.66140888e-01, -5.62226939e-01, -5.58326566e-01, -5.54439770e-01,
       -5.50566550e-01, -5.46706906e-01, -5.42860838e-01, -5.39028347e-01,
       -5.35209433e-01, -5.31404094e-01, -5.27612332e-01, -5.23834146e-01,
       -5.20069537e-01, -5.16318504e-01, -5.12581047e-01, -5.08857167e-01,
       -5.05146863e-01, -5.01450135e-01, -4.97766983e-01, -4.94097408e-01,
       -4.90441409e-01, -4.86798987e-01, -4.83170141e-01, -4.79554871e-01,
       -4.75953177e-01, -4.72365060e-01, -4.68790519e-01, -4.65229554e-01,
       -4.61682166e-01, -4.58148354e-01, -4.54628118e-01, -4.51121459e-01,
       -4.47628375e-01, -4.44148869e-01, -4.40682938e-01, -4.37230584e-01,
       -4.33791806e-01, -4.30366604e-01, -4.26954979e-01, -4.23556930e-01,
       -4.20172457e-01, -4.16801561e-01, -4.13444241e-01, -4.10100497e-01,
       -4.06770329e-01, -4.03453738e-01, -4.00150723e-01, -3.96861285e-01,
       -3.93585422e-01, -3.90323136e-01, -3.87074426e-01, -3.83839293e-01,
       -3.80617736e-01, -3.77409755e-01, -3.74215350e-01, -3.71034522e-01,
       -3.67867270e-01, -3.64713594e-01, -3.61573495e-01, -3.58446971e-01,
       -3.55334024e-01, -3.52234654e-01, -3.49148859e-01, -3.46076641e-01,
       -3.43018000e-01, -3.39972934e-01, -3.36941445e-01, -3.33923532e-01,
       -3.30919195e-01, -3.27928435e-01, -3.24951251e-01, -3.21987643e-01,
       -3.19037612e-01, -3.16101156e-01, -3.13178277e-01, -3.10268975e-01,
       -3.07373248e-01, -3.04491098e-01, -3.01622524e-01, -2.98767527e-01,
       -2.95926105e-01, -2.93098260e-01, -2.90283991e-01, -2.87483299e-01,
       -2.84696183e-01, -2.81922643e-01, -2.79162679e-01, -2.76416292e-01,
       -2.73683480e-01, -2.70964246e-01, -2.68258587e-01, -2.65566505e-01,
       -2.62887999e-01, -2.60223069e-01, -2.57571715e-01, -2.54933938e-01,
       -2.52309737e-01, -2.49699112e-01, -2.47102064e-01, -2.44518592e-01,
       -2.41948696e-01, -2.39392376e-01, -2.36849633e-01, -2.34320466e-01,
       -2.31804875e-01, -2.29302860e-01, -2.26814422e-01, -2.24339560e-01,
       -2.21878274e-01, -2.19430564e-01, -2.16996431e-01, -2.14575874e-01,
       -2.12168893e-01, -2.09775489e-01, -2.07395661e-01, -2.05029409e-01,
       -2.02676733e-01, -2.00337634e-01, -1.98012111e-01, -1.95700164e-01,
       -1.93401793e-01, -1.91116999e-01, -1.88845781e-01, -1.86588139e-01,
       -1.84344073e-01, -1.82113584e-01, -1.79896671e-01, -1.77693334e-01,
       -1.75503574e-01, -1.73327389e-01, -1.71164781e-01, -1.69015749e-01,
       -1.66880294e-01, -1.64758415e-01, -1.62650112e-01, -1.60555385e-01,
       -1.58474235e-01, -1.56406660e-01, -1.54352662e-01, -1.52312241e-01,
       -1.50285395e-01, -1.48272126e-01, -1.46272433e-01, -1.44286316e-01,
       -1.42313776e-01, -1.40354812e-01, -1.38409424e-01, -1.36477612e-01,
       -1.34559377e-01, -1.32654718e-01, -1.30763635e-01, -1.28886128e-01,
       -1.27022198e-01, -1.25171844e-01, -1.23335066e-01, -1.21511864e-01,
       -1.19702239e-01, -1.17906190e-01, -1.16123717e-01, -1.14354821e-01,
       -1.12599500e-01, -1.10857756e-01, -1.09129588e-01, -1.07414997e-01,
       -1.05713981e-01, -1.04026542e-01, -1.02352680e-01, -1.00692393e-01,
       -9.90456827e-02, -9.74125487e-02, -9.57929909e-02, -9.41870093e-02,
       -9.25946040e-02, -9.10157750e-02, -8.94505222e-02, -8.78988456e-02,
       -8.63607453e-02, -8.48362213e-02, -8.33252735e-02, -8.18279019e-02,
       -8.03441067e-02, -7.88738876e-02, -7.74172448e-02, -7.59741783e-02,
       -7.45446880e-02, -7.31287739e-02, -7.17264361e-02, -7.03376746e-02,
       -6.89624893e-02, -6.76008803e-02, -6.62528475e-02, -6.49183909e-02,
       -6.35975106e-02, -6.22902066e-02, -6.09964788e-02, -5.97163272e-02,
       -5.84497519e-02, -5.71967528e-02, -5.59573300e-02, -5.47314835e-02,
       -5.35192131e-02, -5.23205191e-02, -5.11354012e-02, -4.99638597e-02,
       -4.88058943e-02, -4.76615052e-02, -4.65306924e-02, -4.54134558e-02,
       -4.43097955e-02, -4.32197114e-02, -4.21432035e-02, -4.10802719e-02,
       -4.00309165e-02, -3.89951374e-02, -3.79729346e-02, -3.69643079e-02,
       -3.59692575e-02, -3.49877834e-02, -3.40198855e-02, -3.30655639e-02,
       -3.21248185e-02, -3.11976493e-02, -3.02840564e-02, -2.93840397e-02,
       -2.84975993e-02, -2.76247351e-02, -2.67654471e-02, -2.59197354e-02,
       -2.50876000e-02, -2.42690408e-02, -2.34640578e-02, -2.26726511e-02,
       -2.18948206e-02, -2.11305663e-02, -2.03798883e-02, -1.96427866e-02,
       -1.89192610e-02, -1.82093118e-02, -1.75129387e-02, -1.68301419e-02,
       -1.61609214e-02, -1.55052770e-02, -1.48632090e-02, -1.42347171e-02,
       -1.36198015e-02, -1.30184622e-02, -1.24306990e-02, -1.18565122e-02,
       -1.12959015e-02, -1.07488671e-02, -1.02154089e-02, -9.69552701e-03,
       -9.18922131e-03, -8.69649186e-03, -8.21733864e-03, -7.75176166e-03,
       -7.29976092e-03, -6.86133641e-03, -6.43648813e-03, -6.02521609e-03,
       -5.62752029e-03, -5.24340072e-03, -4.87285739e-03, -4.51589029e-03,
       -4.17249942e-03, -3.84268478e-03, -3.52644638e-03, -3.22378421e-03,
       -2.93469826e-03, -2.65918855e-03, -2.39725507e-03, -2.14889782e-03,
       -1.91411679e-03, -1.69291199e-03, -1.48528342e-03, -1.29123107e-03,
       -1.11075495e-03, -9.43855043e-04, -7.90531360e-04, -6.50783896e-04,
       -5.24612648e-04, -4.12017613e-04, -3.12998788e-04, -2.27556169e-04,
       -1.55689750e-04, -9.73995226e-05, -5.26854765e-05, -2.15475926e-05,
       -3.98583438e-06, -9.97466694e-11, -1.68601393e-10, -1.13940895e-09,
       -2.12666181e-09, -3.04626960e-09, -1.12866692e-09])]
       constr_nfev: [0]
       constr_nhev: [0]
       constr_njev: [0]
    constr_penalty: 5345.931566718757
  constr_violation: 0.0
    execution_time: 130.28885006904602
               fun: -446.9367754695484
              grad: array([-3.12636567e-06,  1.27052449e-03,  2.54485404e-03,  3.83660380e-03,
        5.12011830e-03,  6.42830491e-03,  7.73772287e-03,  9.05787864e-03,
        1.03793079e-02,  1.17139970e-02,  1.30596663e-02,  1.44067346e-02,
        1.57551845e-02,  1.71098802e-02,  1.84782191e-02,  1.98431057e-02,
        2.12118761e-02,  2.25919905e-02,  2.39735844e-02,  2.53566398e-02,
        2.67486803e-02,  2.81422086e-02,  2.95397418e-02,  3.09311084e-02,
        3.23289764e-02,  3.37333910e-02,  3.51315034e-02,  3.65335533e-02,
        3.79343506e-02,  3.93364521e-02,  4.07450834e-02,  4.21392085e-02,
        4.35344780e-02,  4.49415004e-02,  4.63336921e-02,  4.77269066e-02,
        4.91238107e-02,  5.05108874e-02,  5.18961171e-02,  5.32767065e-02,
        5.46635175e-02,  5.60428265e-02,  5.74117265e-02,  5.87867042e-02,
        6.01454796e-02,  6.15130170e-02,  6.28725028e-02,  6.42237879e-02,
        6.55723997e-02,  6.69239690e-02,  6.82641628e-02,  6.96100599e-02,
        7.09385594e-02,  7.22726246e-02,  7.36064536e-02,  7.49282715e-02,
        7.62526013e-02,  7.75794339e-02,  7.89087620e-02,  8.02286331e-02,
        8.15418728e-02,  8.28754739e-02,  8.41963689e-02,  8.55256314e-02,
        8.68480543e-02,  8.81880638e-02,  8.95211817e-02,  9.08658644e-02,
        9.22128904e-02,  9.35716327e-02,  9.49327823e-02,  9.63121201e-02,
        9.76971657e-02,  9.90943317e-02,  1.00503745e-01,  1.01925531e-01,
        1.03356588e-01,  1.04823001e-01,  1.06292574e-01,  1.07798119e-01,
        1.09303832e-01,  1.10849427e-01,  1.12408797e-01,  1.13995471e-01,
        1.15613158e-01,  1.17255499e-01,  1.18929592e-01,  1.20635845e-01,
        1.22371248e-01,  1.24149956e-01,  1.25955231e-01,  1.27801331e-01,
        1.29681802e-01,  1.31614669e-01,  1.33586519e-01,  1.35580112e-01,
        1.37631390e-01,  1.39737566e-01,  1.41881373e-01,  1.44074172e-01,
        1.46316628e-01,  1.48609419e-01,  1.50956909e-01,  1.53341358e-01,
        1.55781833e-01,  1.58290314e-01,  1.60852740e-01,  1.63454742e-01,
        1.66115814e-01,  1.68842316e-01,  1.71627045e-01,  1.74449921e-01,
        1.77337646e-01,  1.80294037e-01,  1.83300018e-01,  1.86367035e-01,
        1.89483643e-01,  1.92649841e-01,  1.95892334e-01,  1.99180603e-01,
        2.02522278e-01,  2.05913544e-01,  2.09369659e-01,  2.12879181e-01,
        2.16426849e-01,  2.20043182e-01,  2.23701477e-01,  2.27413177e-01,
        2.31159210e-01,  2.34966278e-01,  2.38811493e-01,  2.42702484e-01,
        2.46639252e-01,  2.50606537e-01,  2.54611969e-01,  2.58670807e-01,
        2.62737274e-01,  2.66849518e-01,  2.70999908e-01,  2.75169373e-01,
        2.79350281e-01,  2.83580780e-01,  2.87815094e-01,  2.92076111e-01,
        2.96340942e-01,  3.00624847e-01,  3.04904938e-01,  3.09215546e-01,
        3.13510895e-01,  3.17810059e-01,  3.22124481e-01,  3.26404572e-01,
        3.30699921e-01,  3.34980011e-01,  3.39244843e-01,  3.43486786e-01,
        3.47713470e-01,  3.51917267e-01,  3.56094360e-01,  3.60237122e-01,
        3.64353180e-01,  3.68431091e-01,  3.72470856e-01,  3.76453400e-01,
        3.80401611e-01,  3.84304047e-01,  3.88149261e-01,  3.91941071e-01,
        3.95656586e-01,  3.99333954e-01,  4.02927399e-01,  4.06459808e-01,
        4.09904480e-01,  4.13295746e-01,  4.16591644e-01,  4.19811249e-01,
        4.22931671e-01,  4.25975800e-01,  4.28928375e-01,  4.31774139e-01,
        4.34528351e-01,  4.37183380e-01,  4.39731598e-01,  4.42165375e-01,
        4.44492340e-01,  4.46697235e-01,  4.48795319e-01,  4.50775146e-01,
        4.52610016e-01,  4.54341888e-01,  4.55940247e-01,  4.57393646e-01,
        4.58713531e-01,  4.59903717e-01,  4.60948944e-01,  4.61853027e-01,
        4.62600708e-01,  4.63207245e-01,  4.63653564e-01,  4.63954926e-01,
        4.64092255e-01,  4.64069366e-01,  4.63886261e-01,  4.63531494e-01,
        4.63005066e-01,  4.62322235e-01,  4.61452484e-01,  4.60414886e-01,
        4.59194183e-01,  4.57798004e-01,  4.56211090e-01,  4.54437256e-01,
        4.52480316e-01,  4.50328827e-01,  4.47986603e-01,  4.45442200e-01,
        4.42699432e-01,  4.39758301e-01,  4.36618805e-01,  4.33265686e-01,
        4.29706573e-01,  4.25941467e-01,  4.21955109e-01,  4.17766571e-01,
        4.13349152e-01,  4.08718109e-01,  4.03858185e-01,  3.98769379e-01,
        3.93463135e-01,  3.87920380e-01,  3.82144928e-01,  3.76125336e-01,
        3.69888306e-01,  3.63399506e-01,  3.56678009e-01,  3.49708557e-01,
        3.42475891e-01,  3.35010529e-01,  3.27289581e-01,  3.19301605e-01,
        3.11061859e-01,  3.02570343e-01,  2.93804169e-01,  2.84778595e-01,
        2.75478363e-01,  2.65911102e-01,  2.56069183e-01,  2.45952606e-01,
        2.35542297e-01,  2.24849701e-01,  2.13886261e-01,  2.02625275e-01,
        1.91059113e-01,  1.79210663e-01,  1.67057037e-01,  1.54605865e-01,
        1.41834259e-01,  1.28772736e-01,  1.15386963e-01,  1.01688385e-01,
        8.76579285e-02,  7.33222961e-02,  5.86433411e-02,  4.36439514e-02,
        2.82936096e-02,  1.26190186e-02, -3.39889526e-03, -1.97715759e-02,
       -3.64952087e-02, -5.35774231e-02, -7.10182190e-02, -8.88328552e-02,
       -1.07002258e-01, -1.25553131e-01, -1.44481659e-01, -1.63791656e-01,
       -1.83506012e-01, -2.03601837e-01, -2.24102020e-01, -2.45006561e-01,
       -2.66323090e-01, -2.88051605e-01, -3.10207367e-01, -3.32794189e-01,
       -3.55808258e-01, -3.79261017e-01, -4.03163910e-01, -4.27528381e-01,
       -4.52339172e-01, -4.77622986e-01, -5.03376007e-01, -5.29617310e-01,
       -5.56335449e-01, -5.83553314e-01, -6.11274719e-01, -6.39503479e-01,
       -6.68254852e-01, -6.97525024e-01, -7.27333069e-01, -7.57678986e-01,
       -7.88581848e-01, -8.20045471e-01, -8.52069855e-01, -8.84681702e-01,
       -9.17877197e-01, -9.51663971e-01, -9.86072540e-01, -1.02108383e+00,
       -1.05673599e+00, -1.09300613e+00, -1.12992477e+00, -1.16752625e+00,
       -1.20578003e+00, -1.24470520e+00, -1.28432465e+00, -1.32466507e+00,
       -1.36571121e+00, -1.40748215e+00, -1.44998550e+00, -1.49325562e+00,
       -1.53726959e+00, -1.58207321e+00, -1.62765884e+00, -1.67405319e+00,
       -1.72125626e+00, -1.76927948e+00, -1.81814575e+00, -1.86787033e+00,
       -1.91845703e+00, -1.96991730e+00, -2.02227402e+00, -2.07553101e+00,
       -2.12969589e+00, -2.18479538e+00, -2.24082565e+00, -2.29782486e+00,
       -2.35577393e+00, -2.41469955e+00, -2.47460938e+00, -2.53549957e+00,
       -2.59740067e+00, -2.66030121e+00, -2.72423172e+00, -2.78918076e+00,
       -2.85514450e+00, -2.92214584e+00, -2.99018478e+00, -3.05926132e+00,
       -3.12936401e+00, -3.20049286e+00, -3.27266693e+00, -3.34585190e+00,
       -3.42004776e+00, -3.49524307e+00, -3.57143021e+00, -3.64857864e+00,
       -3.72668076e+00, -3.80570602e+00, -3.88563919e+00, -3.96643066e+00,
       -4.04805756e+00, -4.13048553e+00, -4.21365738e+00, -4.29752731e+00,
       -4.38204575e+00, -4.46715164e+00, -4.55278397e+00, -4.63885117e+00,
       -4.72530365e+00, -4.81202698e+00, -4.89896011e+00, -4.98596191e+00,
       -5.07296371e+00, -5.15981674e+00, -5.24642563e+00, -5.33263016e+00,
       -5.41829681e+00, -5.50328445e+00, -5.58739853e+00, -5.67049026e+00,
       -5.75236893e+00, -5.83283615e+00, -5.91168213e+00, -5.98868561e+00,
       -6.06362915e+00, -6.13624191e+00, -6.20627975e+00, -6.27347946e+00,
       -6.33753967e+00, -6.39818192e+00, -6.45508194e+00, -6.50792313e+00,
       -6.55635834e+00, -6.60003281e+00, -6.63859177e+00, -6.67164230e+00,
       -6.69879532e+00, -6.71963882e+00, -6.73373795e+00, -6.74066544e+00,
       -6.73997498e+00, -6.73118210e+00, -6.71382523e+00, -6.68740082e+00,
       -6.65140915e+00, -6.60531616e+00, -6.54861069e+00, -6.48075867e+00,
       -6.40117264e+00, -6.30931473e+00, -6.20460892e+00, -6.08647156e+00,
       -5.95430374e+00, -5.80752182e+00, -5.64550400e+00, -5.46763229e+00,
       -5.27331161e+00, -5.06189346e+00, -4.83278275e+00, -4.58532715e+00,
       -4.31889343e+00, -4.03284836e+00, -3.72658157e+00, -3.39943695e+00,
       -3.05080032e+00, -2.68004227e+00, -2.28654099e+00, -1.86968613e+00,
       -1.42886734e+00, -9.63462830e-01, -4.72904205e-01,  4.34150696e-02,
        5.86048126e-01,  1.15557480e+00,  1.75253677e+00,  2.37747955e+00,
        3.03091812e+00,  3.71338654e+00,  4.42535019e+00,  5.16730118e+00,
        5.93969345e+00,  6.74297714e+00,  7.57755661e+00,  8.44387436e+00,
        9.34227371e+00,  1.02731590e+01,  1.12368507e+01,  1.22336769e+01,
        1.32639427e+01,  1.43279343e+01,  1.54259071e+01,  1.65581131e+01,
        1.77247429e+01,  1.89259987e+01,  2.01620598e+01,  2.14330711e+01,
        2.27391663e+01,  2.40804482e+01,  2.54569893e+01,  2.68688583e+01,
        2.83160858e+01,  2.97987175e+01,  3.13167114e+01,  3.28700905e+01,
        3.44587746e+01,  3.60827141e+01,  3.77418327e+01,  3.94360237e+01,
        4.11651611e+01,  4.29291267e+01,  4.47277451e+01,  4.65608597e+01,
        4.84282646e+01,  5.03297691e+01,  5.22651596e+01,  5.42341995e+01,
        5.62366371e+01,  5.82722054e+01,  6.03406410e+01,  6.24416618e+01,
        6.45749435e+01,  6.67402191e+01,  6.89371452e+01,  7.11653976e+01,
        7.34246254e+01,  7.57145042e+01,  7.80346642e+01,  8.03847580e+01,
        8.27644081e+01,  8.51732407e+01,  8.76108665e+01,  9.00769119e+01,
        9.25709801e+01,  9.50926857e+01,  9.76416054e+01,  1.00217358e+02,
        1.02819538e+02,  1.05447739e+02,  1.08101532e+02])
               jac: [array([[-1.,  3., -3., ...,  0.,  0.,  0.],
       [ 0., -1.,  3., ...,  0.,  0.,  0.],
       [ 0.,  0., -1., ...,  0.,  0.,  0.],
       ...,
       [ 0.,  0.,  0., ..., -1.,  0.,  0.],
       [ 0.,  0.,  0., ...,  0., -1.,  0.],
       [ 0.,  0.,  0., ...,  0.,  0., -1.]])]
   lagrangian_grad: array([-3.12594035e-06,  7.18672999e-06,  7.15713096e-06,  7.12774264e-06,
        7.09847401e-06,  7.07079878e-06,  7.04208660e-06,  7.01233662e-06,
        6.98284840e-06,  6.95389352e-06,  6.92525744e-06,  6.89694007e-06,
        6.86873203e-06,  6.84081495e-06,  6.81140429e-06,  6.78050001e-06,
        6.75398094e-06,  6.72567905e-06,  6.69750321e-06,  6.66945339e-06,
        6.64148285e-06,  6.61356548e-06,  6.58540623e-06,  6.55700513e-06,
        6.52915861e-06,  6.50159392e-06,  6.47394191e-06,  6.44620262e-06,
        6.41834276e-06,  6.39037002e-06,  6.36286614e-06,  6.33583107e-06,
        6.30849063e-06,  6.28022105e-06,  6.25253186e-06,  6.22542309e-06,
        6.19815920e-06,  6.17055470e-06,  6.14353557e-06,  6.11710195e-06,
        6.09022084e-06,  6.06466947e-06,  6.03829100e-06,  6.01108564e-06,
        5.98398950e-06,  5.95701300e-06,  5.93024277e-06,  5.90367887e-06,
        5.87667008e-06,  5.85137687e-06,  5.82540241e-06,  5.79874598e-06,
        5.77144003e-06,  5.74350924e-06,  5.71742692e-06,  5.69319135e-06,
        5.66788872e-06,  5.64158043e-06,  5.61550658e-06,  5.58966432e-06,
        5.56374343e-06,  5.53771588e-06,  5.51199960e-06,  5.48659206e-06,
        5.46142649e-06,  5.43642317e-06,  5.41114694e-06,  5.38559769e-06,
        5.36015787e-06,  5.33478502e-06,  5.30957642e-06,  5.28453080e-06,
        5.25970372e-06,  5.23466621e-06,  5.20970553e-06,  5.18481809e-06,
        5.15988269e-06,  5.13500356e-06,  5.11041106e-06,  5.08609934e-06,
        5.06121985e-06,  5.03654780e-06,  5.01195330e-06,  4.98743550e-06,
        4.96322985e-06,  4.93918502e-06,  4.91510302e-06,  4.89098987e-06,
        4.86717319e-06,  4.84356077e-06,  4.81931132e-06,  4.79440683e-06,
        4.77037095e-06,  4.74730351e-06,  4.72391581e-06,  4.70020061e-06,
        4.67642835e-06,  4.65228197e-06,  4.62873291e-06,  4.60578677e-06,
        4.58242338e-06,  4.55883304e-06,  4.53537641e-06,  4.51204811e-06,
        4.48906085e-06,  4.46645277e-06,  4.44342418e-06,  4.41998949e-06,
        4.39694807e-06,  4.37407346e-06,  4.35147876e-06,  4.32918920e-06,
        4.30602480e-06,  4.28359592e-06,  4.26115185e-06,  4.23873538e-06,
        4.21612100e-06,  4.19334652e-06,  4.17090715e-06,  4.14881888e-06,
        4.12674932e-06,  4.10474507e-06,  4.08258978e-06,  4.06023152e-06,
        4.03849656e-06,  4.01721098e-06,  3.99543132e-06,  3.97318645e-06,
        3.95096760e-06,  3.92913393e-06,  3.90752263e-06,  3.88612366e-06,
        3.86525833e-06,  3.84488824e-06,  3.82349097e-06,  3.80099001e-06,
        3.78068269e-06,  3.75904881e-06,  3.73729726e-06,  3.71542283e-06,
        3.69484947e-06,  3.67547638e-06,  3.65486715e-06,  3.63304865e-06,
        3.61244753e-06,  3.59126056e-06,  3.57027394e-06,  3.54944951e-06,
        3.52899870e-06,  3.50884665e-06,  3.48844466e-06,  3.46791675e-06,
        3.44874896e-06,  3.42836763e-06,  3.40761273e-06,  3.38651981e-06,
        3.36609328e-06,  3.34633237e-06,  3.32681601e-06,  3.30748596e-06,
        3.28611589e-06,  3.26755623e-06,  3.24804633e-06,  3.22765661e-06,
        3.20808963e-06,  3.18915707e-06,  3.17068728e-06,  3.15279726e-06,
        3.13160326e-06,  3.11339748e-06,  3.09343811e-06,  3.07168986e-06,
        3.05297717e-06,  3.03687063e-06,  3.01845165e-06,  2.99768939e-06,
        2.97993416e-06,  2.96182344e-06,  2.94287419e-06,  2.92309243e-06,
        2.90440791e-06,  2.88629959e-06,  2.86781983e-06,  2.84863752e-06,
        2.82945195e-06,  2.81173078e-06,  2.79343937e-06,  2.77461356e-06,
        2.75659331e-06,  2.73877924e-06,  2.72088663e-06,  2.70289899e-06,
        2.68470175e-06,  2.66727938e-06,  2.64914760e-06,  2.63028921e-06,
        2.61282001e-06,  2.59640793e-06,  2.57919382e-06,  2.56097030e-06,
        2.54347197e-06,  2.52625653e-06,  2.50884371e-06,  2.49116671e-06,
        2.47415177e-06,  2.45725646e-06,  2.43938848e-06,  2.42060694e-06,
        2.40734146e-06,  2.38981095e-06,  2.37295918e-06,  2.35660104e-06,
        2.34078973e-06,  2.32470641e-06,  2.30756099e-06,  2.28963385e-06,
        2.27233114e-06,  2.25698802e-06,  2.24063196e-06,  2.22379496e-06,
        2.20780504e-06,  2.19155722e-06,  2.17538761e-06,  2.15893822e-06,
        2.14298534e-06,  2.12689401e-06,  2.11082242e-06,  2.09545522e-06,
        2.08006670e-06,  2.06348723e-06,  2.04773297e-06,  2.03255156e-06,
        2.01699930e-06,  2.00163064e-06,  1.98632161e-06,  1.97119484e-06,
        1.95600632e-06,  1.94026566e-06,  1.92482748e-06,  1.91014652e-06,
        1.89538418e-06,  1.88135325e-06,  1.86660385e-06,  1.85053014e-06,
        1.83546175e-06,  1.82081785e-06,  1.80579861e-06,  1.79147917e-06,
        1.77665933e-06,  1.76236068e-06,  1.74797818e-06,  1.73303433e-06,
        1.71934662e-06,  1.70514238e-06,  1.69097553e-06,  1.67670207e-06,
        1.66231873e-06,  1.64867507e-06,  1.63479010e-06,  1.62043245e-06,
        1.60695232e-06,  1.59272881e-06,  1.57911673e-06,  1.56564579e-06,
        1.55189941e-06,  1.53773566e-06,  1.52452062e-06,  1.51074797e-06,
        1.49897019e-06,  1.48509718e-06,  1.47160597e-06,  1.45771943e-06,
        1.44522458e-06,  1.43204326e-06,  1.41925821e-06,  1.40550589e-06,
        1.39371800e-06,  1.37959916e-06,  1.36720339e-06,  1.35528533e-06,
        1.34174327e-06,  1.32984352e-06,  1.31681849e-06,  1.30436496e-06,
        1.29168069e-06,  1.27912751e-06,  1.26697068e-06,  1.25508965e-06,
        1.24313145e-06,  1.23075423e-06,  1.21850093e-06,  1.20548660e-06,
        1.19465185e-06,  1.18289645e-06,  1.17053351e-06,  1.15841209e-06,
        1.14661174e-06,  1.13659157e-06,  1.12437681e-06,  1.11195599e-06,
        1.10143594e-06,  1.08987793e-06,  1.07816363e-06,  1.06648685e-06,
        1.05526347e-06,  1.04464933e-06,  1.03336067e-06,  1.02184260e-06,
        1.01175650e-06,  9.99658429e-07,  9.88937585e-07,  9.78692139e-07,
        9.67613175e-07,  9.58168129e-07,  9.46972881e-07,  9.35415588e-07,
        9.26183194e-07,  9.15439361e-07,  9.05062736e-07,  8.93889093e-07,
        8.83426338e-07,  8.73266251e-07,  8.63643274e-07,  8.52778464e-07,
        8.44107439e-07,  8.33459127e-07,  8.22320893e-07,  8.13577489e-07,
        8.02946122e-07,  7.95182265e-07,  7.85860905e-07,  7.74555712e-07,
        7.65221082e-07,  7.54760403e-07,  7.45465859e-07,  7.37773600e-07,
        7.26766394e-07,  7.18229457e-07,  7.10019037e-07,  6.98567542e-07,
        6.90455973e-07,  6.80159051e-07,  6.72306113e-07,  6.63398478e-07,
        6.54926278e-07,  6.46738786e-07,  6.35595609e-07,  6.28078739e-07,
        6.22114059e-07,  6.12284406e-07,  6.02527037e-07,  5.93070258e-07,
        5.86624435e-07,  5.77398390e-07,  5.70141847e-07,  5.59887189e-07,
        5.53937054e-07,  5.44933954e-07,  5.37722833e-07,  5.30506874e-07,
        5.19237868e-07,  5.11856829e-07,  5.05874377e-07,  4.97644593e-07,
        4.92496476e-07,  4.83176856e-07,  4.74016312e-07,  4.66205047e-07,
        4.60245766e-07,  4.53238753e-07,  4.45620219e-07,  4.36831939e-07,
        4.31364649e-07,  4.23508120e-07,  4.16238436e-07,  4.10354319e-07,
        4.01640144e-07,  3.95680895e-07,  3.90005489e-07,  3.81832860e-07,
        3.75813023e-07,  3.69578002e-07,  3.62632930e-07,  3.56164419e-07,
        3.48654561e-07,  3.42925421e-07,  3.36618736e-07,  3.29807785e-07,
        3.24668777e-07,  3.18197638e-07,  3.10154269e-07,  3.06352803e-07,
        2.98609839e-07,  2.94216838e-07,  2.88744472e-07,  2.82007287e-07,
        2.76421853e-07,  2.71531621e-07,  2.65449872e-07,  2.57950687e-07,
        2.53541660e-07,  2.48833400e-07,  2.42112785e-07,  2.37283152e-07,
        2.33724058e-07,  2.26573371e-07,  2.20677474e-07,  2.17096917e-07,
        2.11934081e-07,  2.07472998e-07,  2.01512726e-07,  1.95254281e-07,
        1.92777250e-07,  1.88224567e-07,  1.81704755e-07,  1.77902201e-07,
        1.75258818e-07,  1.69037778e-07,  1.65073133e-07,  1.59134725e-07,
        1.57270187e-07,  1.51325633e-07,  1.47253693e-07,  1.43579141e-07,
        1.38380162e-07,  1.35364489e-07,  1.31140198e-07,  1.26812057e-07,
        1.24184680e-07,  1.20054772e-07,  1.14131957e-07,  1.13453464e-07,
        1.06329075e-07,  1.04594315e-07,  1.01482949e-07,  9.67020131e-08,
        9.50908920e-08,  9.14179696e-08,  8.73500481e-08,  8.51612194e-08,
        8.18986914e-08,  7.97384008e-08,  7.55444542e-08,  7.08662640e-08,
        7.01515077e-08,  6.60884645e-08,  6.34190975e-08,  6.15513791e-08,
        5.82515494e-08,  5.63425342e-08,  5.33451630e-08,  5.00078734e-08,
        4.90444343e-08,  4.55631373e-08,  4.31340297e-08,  4.17594421e-08,
        3.95471673e-08,  3.69663056e-08,  3.50594824e-08,  3.27622267e-08,
        3.15047615e-08,  2.91322664e-08,  2.69455001e-08,  2.55246349e-08,
        2.36485036e-08,  2.22364562e-08,  2.03952055e-08,  1.89329086e-08,
        1.78252719e-08,  1.58971432e-08,  1.43295651e-08,  1.30286111e-08,
        1.15609282e-08,  1.08059623e-08,  9.72305969e-09,  8.52678994e-09,
        8.07448686e-09,  7.39211004e-09,  6.37128039e-09,  5.15542098e-09,
        4.23048618e-09,  3.97426447e-09,  3.21283267e-09,  2.58943089e-09,
        2.23147367e-09,  1.44983403e-09,  1.05805498e-09,  9.39010647e-10,
        5.84762461e-10,  2.67263545e-10,  5.71560577e-11, -5.91171556e-11,
       -7.13242798e-11, -2.29505304e-11,  1.56319402e-11,  1.05018216e-11,
       -2.72706302e-11, -3.96624955e-11, -2.68016720e-11])
           message: '`xtol` termination condition is satisfied.'
            method: 'tr_interior_point'
              nfev: 177500
              nhev: 0
               nit: 360
             niter: 360
              njev: 355
        optimality: 7.186729993749431e-06
            status: 2
           success: True
         tr_radius: 1.0000000000000005e-09
                 v: [array([-3.34378669e-10,  1.26067110e-03,  6.31703386e-03,  1.89958753e-02,
        4.44075156e-02,  8.89704778e-02,  1.60412720e-01,  2.67782376e-01,
        4.21449025e-01,  6.33116955e-01,  9.15836140e-01,  1.28400364e+00,
        1.75336497e+00,  2.34102038e+00,  3.06543846e+00,  3.94645271e+00,
        5.00526541e+00,  6.26445898e+00,  7.74799744e+00,  9.48122789e+00,
        1.14908895e+01,  1.38051149e+01,  1.64534344e+01,  1.94667697e+01,
        2.28774402e+01,  2.67191698e+01,  3.10270807e+01,  3.58376969e+01,
        4.11889435e+01,  4.71201474e+01,  5.36720445e+01,  6.08867644e+01,
        6.88078325e+01,  7.74801808e+01,  8.69501336e+01,  9.72654088e+01,
        1.08475121e+02,  1.20629771e+02,  1.33781246e+02,  1.47982814e+02,
        1.63289129e+02,  1.79756225e+02,  1.97441503e+02,  2.16403743e+02,
        2.36703079e+02,  2.58401015e+02,  2.81560416e+02,  3.06245496e+02,
        3.32521817e+02,  3.60456295e+02,  3.90117185e+02,  4.21574088e+02,
        4.54897933e+02,  4.90160984e+02,  5.27436838e+02,  5.66800415e+02,
        6.08327957e+02,  6.52097036e+02,  6.98186551e+02,  7.46676721e+02,
        7.97649080e+02,  8.51186495e+02,  9.07373151e+02,  9.66294567e+02,
        1.02803758e+03,  1.09269037e+03,  1.16034245e+03,  1.23108468e+03,
        1.30500926e+03,  1.38220975e+03,  1.46278108e+03,  1.54681954e+03,
        1.63442284e+03,  1.72569005e+03,  1.82072167e+03,  1.91961961e+03,
        2.02248723e+03,  2.12942933e+03,  2.24055221e+03,  2.35596364e+03,
        2.47577293e+03,  2.60009092e+03,  2.72903000e+03,  2.86270417e+03,
        3.00122902e+03,  3.14472180e+03,  3.29330144e+03,  3.44708856e+03,
        3.60620553e+03,  3.77077647e+03,  3.94092735e+03,  4.11678596e+03,
        4.29848196e+03,  4.48614696e+03,  4.67991455e+03,  4.87992028e+03,
        5.08630179e+03,  5.29919880e+03,  5.51875319e+03,  5.74510902e+03,
        5.97841260e+03,  6.21881253e+03,  6.46645976e+03,  6.72150762e+03,
        6.98411188e+03,  7.25443082e+03,  7.53262530e+03,  7.81885875e+03,
        8.11329728e+03,  8.41610973e+03,  8.72746771e+03,  9.04754567e+03,
        9.37652093e+03,  9.71457378e+03,  1.00618875e+04,  1.04186485e+04,
        1.07850462e+04,  1.11612732e+04,  1.15475255e+04,  1.19440022e+04,
        1.23509058e+04,  1.27684422e+04,  1.31968209e+04,  1.36362545e+04,
        1.40869597e+04,  1.45491564e+04,  1.50230683e+04,  1.55089228e+04,
        1.60069510e+04,  1.65173880e+04,  1.70404725e+04,  1.75764472e+04,
        1.81255587e+04,  1.86880577e+04,  1.92641988e+04,  1.98542405e+04,
        2.04584457e+04,  2.10770811e+04,  2.17104179e+04,  2.23587310e+04,
        2.30222999e+04,  2.37014082e+04,  2.43963436e+04,  2.51073982e+04,
        2.58348684e+04,  2.65790547e+04,  2.73402621e+04,  2.81187997e+04,
        2.89149812e+04,  2.97291242e+04,  3.05615508e+04,  3.14125876e+04,
        3.22825651e+04,  3.31718184e+04,  3.40806866e+04,  3.50095133e+04,
        3.59586461e+04,  3.69284370e+04,  3.79192421e+04,  3.89314216e+04,
        3.99653397e+04,  4.10213651e+04,  4.20998700e+04,  4.32012310e+04,
        4.43258284e+04,  4.54740466e+04,  4.66462736e+04,  4.78429015e+04,
        4.90643258e+04,  5.03109459e+04,  5.15831647e+04,  5.28813886e+04,
        5.42060276e+04,  5.55574950e+04,  5.69362072e+04,  5.83425842e+04,
        5.97770488e+04,  6.12400270e+04,  6.27319478e+04,  6.42532428e+04,
        6.58043466e+04,  6.73856965e+04,  6.89977320e+04,  7.06408954e+04,
        7.23156311e+04,  7.40223859e+04,  7.57616085e+04,  7.75337496e+04,
        7.93392620e+04,  8.11785998e+04,  8.30522192e+04,  8.49605773e+04,
        8.69041330e+04,  8.88833461e+04,  9.08986775e+04,  9.29505892e+04,
        9.50395437e+04,  9.71660041e+04,  9.93304342e+04,  1.01533298e+05,
        1.03775059e+05,  1.06056182e+05,  1.08377131e+05,  1.10738369e+05,
        1.13140359e+05,  1.15583563e+05,  1.18068443e+05,  1.20595460e+05,
        1.23165072e+05,  1.25777737e+05,  1.28433912e+05,  1.31134050e+05,
        1.33878605e+05,  1.36668027e+05,  1.39502763e+05,  1.42383259e+05,
        1.45309958e+05,  1.48283300e+05,  1.51303721e+05,  1.54371654e+05,
        1.57487529e+05,  1.60651772e+05,  1.63864805e+05,  1.67127046e+05,
        1.70438908e+05,  1.73800799e+05,  1.77213124e+05,  1.80676282e+05,
        1.84190665e+05,  1.87756662e+05,  1.91374655e+05,  1.95045020e+05,
        1.98768126e+05,  2.02544338e+05,  2.06374012e+05,  2.10257497e+05,
        2.14195136e+05,  2.18187265e+05,  2.22234209e+05,  2.26336290e+05,
        2.30493817e+05,  2.34707093e+05,  2.38976412e+05,  2.43302059e+05,
        2.47684310e+05,  2.52123429e+05,  2.56619674e+05,  2.61173289e+05,
        2.65784512e+05,  2.70453566e+05,  2.75180665e+05,  2.79966013e+05,
        2.84809799e+05,  2.89712203e+05,  2.94673393e+05,  2.99693523e+05,
        3.04772735e+05,  3.09911157e+05,  3.15108904e+05,  3.20366080e+05,
        3.25682770e+05,  3.31059049e+05,  3.36494975e+05,  3.41990592e+05,
        3.47545927e+05,  3.53160995e+05,  3.58835790e+05,  3.64570294e+05,
        3.70364470e+05,  3.76218264e+05,  3.82131605e+05,  3.88104405e+05,
        3.94136556e+05,  4.00227933e+05,  4.06378392e+05,  4.12587768e+05,
        4.18855878e+05,  4.25182518e+05,  4.31567465e+05,  4.38010472e+05,
        4.44511275e+05,  4.51069585e+05,  4.57685091e+05,  4.64357461e+05,
        4.71086339e+05,  4.77871346e+05,  4.84712079e+05,  4.91608109e+05,
        4.98558985e+05,  5.05564229e+05,  5.12623337e+05,  5.19735781e+05,
        5.26901003e+05,  5.34118420e+05,  5.41387421e+05,  5.48707367e+05,
        5.56077588e+05,  5.63497387e+05,  5.70966038e+05,  5.78482782e+05,
        5.86046831e+05,  5.93657364e+05,  6.01313531e+05,  6.09014445e+05,
        6.16759189e+05,  6.24546811e+05,  6.32376326e+05,  6.40246712e+05,
        6.48156912e+05,  6.56105833e+05,  6.64092346e+05,  6.72115283e+05,
        6.80173438e+05,  6.88265566e+05,  6.96390383e+05,  7.04546565e+05,
        7.12732745e+05,  7.20947516e+05,  7.29189429e+05,  7.37456989e+05,
        7.45748659e+05,  7.54062858e+05,  7.62397958e+05,  7.70752284e+05,
        7.79124116e+05,  7.87511683e+05,  7.95913169e+05,  8.04326705e+05,
        8.12750372e+05,  8.21182200e+05,  8.29620168e+05,  8.38062200e+05,
        8.46506166e+05,  8.54949881e+05,  8.63391104e+05,  8.71827537e+05,
        8.80256826e+05,  8.88676554e+05,  8.97084248e+05,  9.05477371e+05,
        9.13853327e+05,  9.22209454e+05,  9.30543030e+05,  9.38851264e+05,
        9.47131301e+05,  9.55380220e+05,  9.63595029e+05,  9.71772671e+05,
        9.79910014e+05,  9.88003859e+05,  9.96050934e+05,  1.00404789e+06,
        1.01199131e+06,  1.01987770e+06,  1.02770349e+06,  1.03546502e+06,
        1.04315857e+06,  1.05078034e+06,  1.05832644e+06,  1.06579290e+06,
        1.07317568e+06,  1.08047064e+06,  1.08767357e+06,  1.09478018e+06,
        1.10178607e+06,  1.10868679e+06,  1.11547779e+06,  1.12215441e+06,
        1.12871194e+06,  1.13514557e+06,  1.14145039e+06,  1.14762142e+06,
        1.15365359e+06,  1.15954173e+06,  1.16528061e+06,  1.17086488e+06,
        1.17628914e+06,  1.18154787e+06,  1.18663549e+06,  1.19154632e+06,
        1.19627462e+06,  1.20081456e+06,  1.20516022e+06,  1.20930560e+06,
        1.21324466e+06,  1.21697125e+06,  1.22047917e+06,  1.22376213e+06,
        1.22681382e+06,  1.22962782e+06,  1.23219768e+06,  1.23451689e+06,
        1.23657891e+06,  1.23837712e+06,  1.23990488e+06,  1.24115554e+06,
        1.24212238e+06,  1.24279869e+06,  1.24317774e+06,  1.24325277e+06,
        1.24301707e+06,  1.24246388e+06,  1.24158650e+06,  1.24037824e+06,
        1.23883246e+06,  1.23694253e+06,  1.23470193e+06,  1.23210415e+06,
        1.22914281e+06,  1.22581159e+06,  1.22210430e+06,  1.21801483e+06,
        1.21353724e+06,  1.20866573e+06,  1.20339464e+06,  1.19771850e+06,
        1.19163205e+06,  1.18513022e+06,  1.17820818e+06,  1.17086134e+06,
        1.16308539e+06,  1.15487629e+06,  1.14623031e+06,  1.13714406e+06,
        1.12761449e+06,  1.11763890e+06,  1.10721503e+06,  1.09634099e+06,
        1.08501536e+06,  1.07323717e+06,  1.06100596e+06,  1.04832176e+06,
        1.03518516e+06,  1.02159732e+06,  1.00755999e+06,  9.93075543e+05,
        9.78147014e+05,  9.62778113e+05,  9.46973268e+05,  9.30737645e+05,
        9.14077184e+05,  8.96998626e+05,  8.79509551e+05,  8.61618400e+05,
        8.43334517e+05,  8.24668173e+05,  8.05630607e+05,  7.86234050e+05,
        7.66491767e+05,  7.46418086e+05,  7.26028431e+05,  7.05339360e+05,
        6.84368599e+05,  6.63135072e+05,  6.41658942e+05,  6.19961640e+05,
        5.98065905e+05,  5.75995818e+05,  5.53776835e+05,  5.31435825e+05,
        5.09001102e+05,  4.86502464e+05,  4.63971229e+05,  4.41440265e+05,
        4.18944030e+05,  3.96518607e+05,  3.74201736e+05,  3.52032851e+05,
        3.30053119e+05,  3.08305466e+05,  2.86834618e+05,  2.65687137e+05,
        2.44911447e+05,  2.24557879e+05,  2.04678694e+05,  1.85328125e+05,
        1.66562408e+05,  1.48439811e+05,  1.31020672e+05,  1.14367430e+05,
        9.85446567e+04,  8.36190874e+04,  6.96596543e+04,  5.67375168e+04,
        4.49260922e+04,  3.43010856e+04,  2.49405197e+04,  1.69247634e+04,
        1.03365588e+04,  5.26104625e+03,  1.78578443e+03,  7.70676300e-01,
       -7.12184134e-01,  8.83480764e+01,  9.98475855e+01,  5.37091323e+01,
       -9.09383307e-11,  2.66565492e-06,  2.67734920e-06,  2.68867414e-06,
        2.69973343e-06,  2.71101314e-06,  2.72227701e-06,  2.73350584e-06,
        2.74462330e-06,  2.75605154e-06,  2.76751125e-06,  2.77900925e-06,
        2.79065312e-06,  2.80219413e-06,  2.81396927e-06,  2.82567841e-06,
        2.83747190e-06,  2.84947625e-06,  2.86146216e-06,  2.87365338e-06,
        2.88561841e-06,  2.89828227e-06,  2.91046555e-06,  2.92242894e-06,
        2.93510763e-06,  2.94759162e-06,  2.96050254e-06,  2.97319568e-06,
        2.98613440e-06,  2.99875979e-06,  3.01163176e-06,  3.02486568e-06,
        3.03831981e-06,  3.05135925e-06,  3.06444322e-06,  3.07788747e-06,
        3.09131237e-06,  3.10459727e-06,  3.11838176e-06,  3.13223243e-06,
        3.14606791e-06,  3.16002104e-06,  3.17401739e-06,  3.18806141e-06,
        3.20228845e-06,  3.21689297e-06,  3.23132062e-06,  3.24553914e-06,
        3.26014772e-06,  3.27503351e-06,  3.28955906e-06,  3.30463883e-06,
        3.31946145e-06,  3.33456258e-06,  3.35000876e-06,  3.36554930e-06,
        3.38041757e-06,  3.39626744e-06,  3.41196445e-06,  3.42749378e-06,
        3.44319482e-06,  3.45907380e-06,  3.47506680e-06,  3.49146522e-06,
        3.50769823e-06,  3.52362217e-06,  3.54070026e-06,  3.55722260e-06,
        3.57385863e-06,  3.59084191e-06,  3.60785772e-06,  3.62524410e-06,
        3.64227998e-06,  3.65972140e-06,  3.67718742e-06,  3.69483701e-06,
        3.71252070e-06,  3.73024717e-06,  3.74793188e-06,  3.76646462e-06,
        3.78470630e-06,  3.80302862e-06,  3.82146866e-06,  3.84032872e-06,
        3.85883108e-06,  3.87807846e-06,  3.89715411e-06,  3.91642189e-06,
        3.93600953e-06,  3.95500860e-06,  3.97460117e-06,  3.99475587e-06,
        4.01434962e-06,  4.03427127e-06,  4.05509581e-06,  4.07509574e-06,
        4.09549939e-06,  4.11624254e-06,  4.13699264e-06,  4.15807537e-06,
        4.17950711e-06,  4.20082912e-06,  4.22204220e-06,  4.24380735e-06,
        4.26580519e-06,  4.28736929e-06,  4.30989208e-06,  4.33243097e-06,
        4.35461147e-06,  4.37765209e-06,  4.40014674e-06,  4.42315480e-06,
        4.44693038e-06,  4.47018690e-06,  4.49358231e-06,  4.51759585e-06,
        4.54144169e-06,  4.56544398e-06,  4.59003885e-06,  4.61438449e-06,
        4.63920981e-06,  4.66415355e-06,  4.68924651e-06,  4.71472071e-06,
        4.74028827e-06,  4.76591941e-06,  4.79211922e-06,  4.81877696e-06,
        4.84474293e-06,  4.87137691e-06,  4.89808502e-06,  4.92525746e-06,
        4.95246379e-06,  4.98021897e-06,  5.00780081e-06,  5.03585332e-06,
        5.06419331e-06,  5.09248105e-06,  5.12122479e-06,  5.15036427e-06,
        5.17939956e-06,  5.20886804e-06,  5.23857949e-06,  5.26847795e-06,
        5.29871244e-06,  5.32909986e-06,  5.35985081e-06,  5.39091251e-06,
        5.42221178e-06,  5.45369249e-06,  5.48555047e-06,  5.51757439e-06,
        5.55000626e-06,  5.58270215e-06,  5.61568793e-06,  5.64897535e-06,
        5.68244768e-06,  5.71628029e-06,  5.75039223e-06,  5.78492175e-06,
        5.81973779e-06,  5.85476294e-06,  5.89016353e-06,  5.92586914e-06,
        5.96190889e-06,  5.99828920e-06,  6.03500709e-06,  6.07206926e-06,
        6.10945954e-06,  6.14717943e-06,  6.18525594e-06,  6.22372434e-06,
        6.26252595e-06,  6.30170456e-06,  6.34123836e-06,  6.38115094e-06,
        6.42143982e-06,  6.46204779e-06,  6.50313051e-06,  6.54460918e-06,
        6.58645307e-06,  6.62868846e-06,  6.67136805e-06,  6.71443005e-06,
        6.75794643e-06,  6.80186105e-06,  6.84617128e-06,  6.89094316e-06,
        6.93619004e-06,  6.98185648e-06,  7.02796525e-06,  7.07454741e-06,
        7.12158654e-06,  7.16904406e-06,  7.21705093e-06,  7.26550792e-06,
        7.31448201e-06,  7.36397059e-06,  7.41402838e-06,  7.46445528e-06,
        7.51540847e-06,  7.56695187e-06,  7.61898370e-06,  7.67149799e-06,
        7.72467443e-06,  7.77841519e-06,  7.83261931e-06,  7.88740229e-06,
        7.94286831e-06,  7.99884499e-06,  8.05535073e-06,  8.11254154e-06,
        8.17032058e-06,  8.22872087e-06,  8.28780490e-06,  8.34746694e-06,
        8.40775600e-06,  8.46873393e-06,  8.53034645e-06,  8.59264362e-06,
        8.65569444e-06,  8.71938150e-06,  8.78377617e-06,  8.84897447e-06,
        8.91472400e-06,  8.98131048e-06,  9.04857571e-06,  9.11673726e-06,
        9.18561862e-06,  9.25522526e-06,  9.32566562e-06,  9.39695922e-06,
        9.46894380e-06,  9.54187984e-06,  9.61565846e-06,  9.69027346e-06,
        9.76582333e-06,  9.84212906e-06,  9.91935468e-06,  9.99754019e-06,
        1.00767093e-05,  1.01566604e-05,  1.02376792e-05,  1.03196440e-05,
        1.04026408e-05,  1.04866391e-05,  1.05715657e-05,  1.06575970e-05,
        1.07446234e-05,  1.08328458e-05,  1.09220834e-05,  1.10124061e-05,
        1.11040339e-05,  1.11964692e-05,  1.12902642e-05,  1.13852135e-05,
        1.14813204e-05,  1.15787830e-05,  1.16774184e-05,  1.17773413e-05,
        1.18784821e-05,  1.19810067e-05,  1.20848406e-05,  1.21901633e-05,
        1.22965762e-05,  1.24045707e-05,  1.25139448e-05,  1.26248661e-05,
        1.27371103e-05,  1.28509840e-05,  1.29663969e-05,  1.30832528e-05,
        1.32018020e-05,  1.33219108e-05,  1.34436023e-05,  1.35671925e-05,
        1.36923107e-05,  1.38192360e-05,  1.39479307e-05,  1.40784760e-05,
        1.42107617e-05,  1.43449557e-05,  1.44809735e-05,  1.46190974e-05,
        1.47591400e-05,  1.49010306e-05,  1.50452606e-05,  1.51915432e-05,
        1.53399401e-05,  1.54905023e-05,  1.56432689e-05,  1.57983681e-05,
        1.59556534e-05,  1.61154891e-05,  1.62775621e-05,  1.64421876e-05,
        1.66092860e-05,  1.67789116e-05,  1.69511974e-05,  1.71262504e-05,
        1.73039429e-05,  1.74843031e-05,  1.76676136e-05,  1.78537969e-05,
        1.80429029e-05,  1.82350085e-05,  1.84304662e-05,  1.86288309e-05,
        1.88304202e-05,  1.90354185e-05,  1.92436961e-05,  1.94553401e-05,
        1.96702622e-05,  1.98892549e-05,  2.01117439e-05,  2.03380875e-05,
        2.05686254e-05,  2.08021882e-05,  2.10402732e-05,  2.12825312e-05,
        2.15288514e-05,  2.17794091e-05,  2.20344356e-05,  2.22940800e-05,
        2.25581662e-05,  2.28270237e-05,  2.31007949e-05,  2.33795054e-05,
        2.36632472e-05,  2.39522704e-05,  2.42465765e-05,  2.45462424e-05,
        2.48516212e-05,  2.51626663e-05,  2.54798794e-05,  2.58024751e-05,
        2.61316453e-05,  2.64671929e-05,  2.68092825e-05,  2.71577563e-05,
        2.75133676e-05,  2.78759373e-05,  2.82457255e-05,  2.86227384e-05,
        2.90075813e-05,  2.94000558e-05,  2.98007246e-05,  3.02094087e-05,
        3.06267851e-05,  3.10527995e-05,  3.14878221e-05,  3.19318573e-05,
        3.23855708e-05,  3.28489330e-05,  3.33224329e-05,  3.38061486e-05,
        3.43003446e-05,  3.48055098e-05,  3.53219216e-05,  3.58499797e-05,
        3.63900071e-05,  3.69422118e-05,  3.75074535e-05,  3.80851870e-05,
        3.86766027e-05,  3.92819688e-05,  3.99016113e-05,  4.05362026e-05,
        4.11857058e-05,  4.18511579e-05,  4.25325883e-05,  4.32312538e-05,
        4.39470874e-05,  4.46809098e-05,  4.54332376e-05,  4.62046688e-05,
        4.69959268e-05,  4.78077129e-05,  4.86408684e-05,  4.94956133e-05,
        5.03733511e-05,  5.12745871e-05,  5.22002819e-05,  5.31511115e-05,
        5.41283609e-05,  5.51327007e-05,  5.61650921e-05,  5.72270915e-05,
        5.83193168e-05,  5.94431422e-05,  6.05999719e-05,  6.17905112e-05,
        6.30166569e-05,  6.42797324e-05,  6.55811401e-05,  6.69222297e-05,
        6.83052412e-05,  6.97313297e-05,  7.12030804e-05,  7.27209519e-05,
        7.42883531e-05,  7.59070433e-05,  7.75789687e-05,  7.93072108e-05,
        8.10937869e-05,  8.29412310e-05,  8.48521473e-05,  8.68305973e-05,
        8.88788491e-05,  9.10002064e-05,  9.31985000e-05,  9.54774183e-05,
        9.78410309e-05,  1.00293565e-04,  1.02839336e-04,  1.05483438e-04,
        1.08230689e-04,  1.11086524e-04,  1.14056984e-04,  1.17148394e-04,
        1.20367047e-04,  1.23720398e-04,  1.27215765e-04,  1.30861144e-04,
        1.34665673e-04,  1.38638451e-04,  1.42789622e-04,  1.47130188e-04,
        1.51671616e-04,  1.56426655e-04,  1.61409100e-04,  1.66632869e-04,
        1.72114656e-04,  1.77871383e-04,  1.83921688e-04,  1.90286354e-04,
        1.96986852e-04,  2.04047738e-04,  2.11495053e-04,  2.19357720e-04,
        2.27666983e-04,  2.36457453e-04,  2.45766956e-04,  2.55637600e-04,
        2.66114180e-04,  2.77248596e-04,  2.89096524e-04,  3.01720490e-04,
        3.15189434e-04,  3.29580743e-04,  3.44980598e-04,  3.61485225e-04,
        3.79203087e-04,  3.98255956e-04,  4.18781592e-04,  4.40935172e-04,
        4.64894028e-04,  4.90859670e-04,  5.19062141e-04,  5.49766302e-04,
        5.83276837e-04,  6.19946310e-04,  6.60184543e-04,  7.04469712e-04,
        7.53363229e-04,  8.07526928e-04,  8.67746282e-04,  9.34958093e-04,
        1.01028771e-03,  1.09509617e-03,  1.19104247e-03,  1.30016364e-03,
        1.42498515e-03,  1.56866700e-03,  1.73520494e-03,  1.92971082e-03,
        2.15880720e-03,  2.43119610e-03,  2.75849250e-03,  3.15647518e-03,
        3.64700915e-03,  4.26108489e-03,  5.04377790e-03,  6.06263985e-03,
        7.42250008e-03,  9.29286122e-03,  1.19615063e-02,  1.59462387e-02,
        2.22438130e-02,  3.29088886e-02,  5.21618913e-02,  7.95909779e-02,
       -7.11842319e-01,  1.78808046e+03,  2.65745478e+02,  8.02945684e+01,
        5.27522551e+01,  4.41679272e+01,  1.61810664e+02])]
                 x: array([1.74484296e+02, 1.64234489e+00, 1.63539231e+00, 1.62864722e+00,
       1.62195392e+00, 1.61529456e+00, 1.60865896e+00, 1.60204271e+00,
       1.59544366e+00, 1.58886057e+00, 1.58229274e+00, 1.57573969e+00,
       1.56920112e+00, 1.56267682e+00, 1.55616664e+00, 1.54967046e+00,
       1.54318822e+00, 1.53671983e+00, 1.53026527e+00, 1.52382448e+00,
       1.51739744e+00, 1.51098412e+00, 1.50458450e+00, 1.49819857e+00,
       1.49182631e+00, 1.48546771e+00, 1.47912276e+00, 1.47279145e+00,
       1.46647378e+00, 1.46016974e+00, 1.45387931e+00, 1.44760251e+00,
       1.44133932e+00, 1.43508975e+00, 1.42885378e+00, 1.42263142e+00,
       1.41642266e+00, 1.41022750e+00, 1.40404593e+00, 1.39787797e+00,
       1.39172360e+00, 1.38558283e+00, 1.37945564e+00, 1.37334205e+00,
       1.36724205e+00, 1.36115564e+00, 1.35508282e+00, 1.34902359e+00,
       1.34297794e+00, 1.33694588e+00, 1.33092740e+00, 1.32492251e+00,
       1.31893121e+00, 1.31295349e+00, 1.30698935e+00, 1.30103880e+00,
       1.29510182e+00, 1.28917844e+00, 1.28326863e+00, 1.27737241e+00,
       1.27148976e+00, 1.26562070e+00, 1.25976522e+00, 1.25392332e+00,
       1.24809500e+00, 1.24228027e+00, 1.23647911e+00, 1.23069153e+00,
       1.22491753e+00, 1.21915711e+00, 1.21341028e+00, 1.20767702e+00,
       1.20195734e+00, 1.19625124e+00, 1.19055872e+00, 1.18487977e+00,
       1.17921441e+00, 1.17356263e+00, 1.16792442e+00, 1.16229979e+00,
       1.15668874e+00, 1.15109127e+00, 1.14550738e+00, 1.13993706e+00,
       1.13438033e+00, 1.12883717e+00, 1.12330759e+00, 1.11779159e+00,
       1.11228916e+00, 1.10680032e+00, 1.10132505e+00, 1.09586336e+00,
       1.09041525e+00, 1.08498071e+00, 1.07955975e+00, 1.07415237e+00,
       1.06875857e+00, 1.06337834e+00, 1.05801170e+00, 1.05265862e+00,
       1.04731913e+00, 1.04199322e+00, 1.03668088e+00, 1.03138211e+00,
       1.02609693e+00, 1.02082532e+00, 1.01556729e+00, 1.01032284e+00,
       1.00509197e+00, 9.99874667e-01, 9.94670945e-01, 9.89480800e-01,
       9.84304233e-01, 9.79141242e-01, 9.73991829e-01, 9.68855992e-01,
       9.63733733e-01, 9.58625050e-01, 9.53529944e-01, 9.48448415e-01,
       9.43380463e-01, 9.38326088e-01, 9.33285289e-01, 9.28258067e-01,
       9.23244423e-01, 9.18244354e-01, 9.13257863e-01, 9.08284949e-01,
       9.03325611e-01, 8.98379850e-01, 8.93447665e-01, 8.88529058e-01,
       8.83624027e-01, 8.78732572e-01, 8.73854695e-01, 8.68990394e-01,
       8.64139670e-01, 8.59302522e-01, 8.54478951e-01, 8.49668957e-01,
       8.44872539e-01, 8.40089698e-01, 8.35320433e-01, 8.30564745e-01,
       8.25822634e-01, 8.21094099e-01, 8.16379140e-01, 8.11677759e-01,
       8.06989954e-01, 8.02315725e-01, 7.97655073e-01, 7.93007997e-01,
       7.88374498e-01, 7.83754576e-01, 7.79148230e-01, 7.74555460e-01,
       7.69976267e-01, 7.65410651e-01, 7.60858611e-01, 7.56320147e-01,
       7.51795260e-01, 7.47283950e-01, 7.42786216e-01, 7.38302058e-01,
       7.33831477e-01, 7.29374472e-01, 7.24931044e-01, 7.20501192e-01,
       7.16084917e-01, 7.11682218e-01, 7.07293095e-01, 7.02917549e-01,
       6.98555580e-01, 6.94207187e-01, 6.89872370e-01, 6.85551129e-01,
       6.81243465e-01, 6.76949378e-01, 6.72668867e-01, 6.68401932e-01,
       6.64148574e-01, 6.59908792e-01, 6.55682586e-01, 6.51469957e-01,
       6.47270904e-01, 6.43085428e-01, 6.38913528e-01, 6.34755205e-01,
       6.30610457e-01, 6.26479287e-01, 6.22361692e-01, 6.18257674e-01,
       6.14167232e-01, 6.10090367e-01, 6.06027078e-01, 6.01977365e-01,
       5.97941229e-01, 5.93918669e-01, 5.89909686e-01, 5.85914278e-01,
       5.81932448e-01, 5.77964193e-01, 5.74009515e-01, 5.70068413e-01,
       5.66140888e-01, 5.62226939e-01, 5.58326566e-01, 5.54439770e-01,
       5.50566550e-01, 5.46706906e-01, 5.42860838e-01, 5.39028347e-01,
       5.35209433e-01, 5.31404094e-01, 5.27612332e-01, 5.23834146e-01,
       5.20069537e-01, 5.16318504e-01, 5.12581047e-01, 5.08857167e-01,
       5.05146863e-01, 5.01450135e-01, 4.97766983e-01, 4.94097408e-01,
       4.90441409e-01, 4.86798987e-01, 4.83170141e-01, 4.79554871e-01,
       4.75953177e-01, 4.72365060e-01, 4.68790519e-01, 4.65229554e-01,
       4.61682166e-01, 4.58148354e-01, 4.54628118e-01, 4.51121459e-01,
       4.47628375e-01, 4.44148869e-01, 4.40682938e-01, 4.37230584e-01,
       4.33791806e-01, 4.30366604e-01, 4.26954979e-01, 4.23556930e-01,
       4.20172457e-01, 4.16801561e-01, 4.13444241e-01, 4.10100497e-01,
       4.06770329e-01, 4.03453738e-01, 4.00150723e-01, 3.96861285e-01,
       3.93585422e-01, 3.90323136e-01, 3.87074426e-01, 3.83839293e-01,
       3.80617736e-01, 3.77409755e-01, 3.74215350e-01, 3.71034522e-01,
       3.67867270e-01, 3.64713594e-01, 3.61573495e-01, 3.58446971e-01,
       3.55334024e-01, 3.52234654e-01, 3.49148859e-01, 3.46076641e-01,
       3.43018000e-01, 3.39972934e-01, 3.36941445e-01, 3.33923532e-01,
       3.30919195e-01, 3.27928435e-01, 3.24951251e-01, 3.21987643e-01,
       3.19037612e-01, 3.16101156e-01, 3.13178277e-01, 3.10268975e-01,
       3.07373248e-01, 3.04491098e-01, 3.01622524e-01, 2.98767527e-01,
       2.95926105e-01, 2.93098260e-01, 2.90283991e-01, 2.87483299e-01,
       2.84696183e-01, 2.81922643e-01, 2.79162679e-01, 2.76416292e-01,
       2.73683480e-01, 2.70964246e-01, 2.68258587e-01, 2.65566505e-01,
       2.62887999e-01, 2.60223069e-01, 2.57571715e-01, 2.54933938e-01,
       2.52309737e-01, 2.49699112e-01, 2.47102064e-01, 2.44518592e-01,
       2.41948696e-01, 2.39392376e-01, 2.36849633e-01, 2.34320466e-01,
       2.31804875e-01, 2.29302860e-01, 2.26814422e-01, 2.24339560e-01,
       2.21878274e-01, 2.19430564e-01, 2.16996431e-01, 2.14575874e-01,
       2.12168893e-01, 2.09775489e-01, 2.07395661e-01, 2.05029409e-01,
       2.02676733e-01, 2.00337634e-01, 1.98012111e-01, 1.95700164e-01,
       1.93401793e-01, 1.91116999e-01, 1.88845781e-01, 1.86588139e-01,
       1.84344073e-01, 1.82113584e-01, 1.79896671e-01, 1.77693334e-01,
       1.75503574e-01, 1.73327389e-01, 1.71164781e-01, 1.69015749e-01,
       1.66880294e-01, 1.64758415e-01, 1.62650112e-01, 1.60555385e-01,
       1.58474235e-01, 1.56406660e-01, 1.54352662e-01, 1.52312241e-01,
       1.50285395e-01, 1.48272126e-01, 1.46272433e-01, 1.44286316e-01,
       1.42313776e-01, 1.40354812e-01, 1.38409424e-01, 1.36477612e-01,
       1.34559377e-01, 1.32654718e-01, 1.30763635e-01, 1.28886128e-01,
       1.27022198e-01, 1.25171844e-01, 1.23335066e-01, 1.21511864e-01,
       1.19702239e-01, 1.17906190e-01, 1.16123717e-01, 1.14354821e-01,
       1.12599500e-01, 1.10857756e-01, 1.09129588e-01, 1.07414997e-01,
       1.05713981e-01, 1.04026542e-01, 1.02352680e-01, 1.00692393e-01,
       9.90456827e-02, 9.74125487e-02, 9.57929909e-02, 9.41870093e-02,
       9.25946040e-02, 9.10157750e-02, 8.94505222e-02, 8.78988456e-02,
       8.63607453e-02, 8.48362213e-02, 8.33252735e-02, 8.18279019e-02,
       8.03441067e-02, 7.88738876e-02, 7.74172448e-02, 7.59741783e-02,
       7.45446880e-02, 7.31287739e-02, 7.17264361e-02, 7.03376746e-02,
       6.89624893e-02, 6.76008803e-02, 6.62528475e-02, 6.49183909e-02,
       6.35975106e-02, 6.22902066e-02, 6.09964788e-02, 5.97163272e-02,
       5.84497519e-02, 5.71967528e-02, 5.59573300e-02, 5.47314835e-02,
       5.35192131e-02, 5.23205191e-02, 5.11354012e-02, 4.99638597e-02,
       4.88058943e-02, 4.76615052e-02, 4.65306924e-02, 4.54134558e-02,
       4.43097955e-02, 4.32197114e-02, 4.21432035e-02, 4.10802719e-02,
       4.00309165e-02, 3.89951374e-02, 3.79729346e-02, 3.69643079e-02,
       3.59692575e-02, 3.49877834e-02, 3.40198855e-02, 3.30655639e-02,
       3.21248185e-02, 3.11976493e-02, 3.02840564e-02, 2.93840397e-02,
       2.84975993e-02, 2.76247351e-02, 2.67654471e-02, 2.59197354e-02,
       2.50876000e-02, 2.42690408e-02, 2.34640578e-02, 2.26726511e-02,
       2.18948206e-02, 2.11305663e-02, 2.03798883e-02, 1.96427866e-02,
       1.89192610e-02, 1.82093118e-02, 1.75129387e-02, 1.68301419e-02,
       1.61609214e-02, 1.55052770e-02, 1.48632090e-02, 1.42347171e-02,
       1.36198015e-02, 1.30184622e-02, 1.24306990e-02, 1.18565122e-02,
       1.12959015e-02, 1.07488671e-02, 1.02154089e-02, 9.69552701e-03,
       9.18922131e-03, 8.69649186e-03, 8.21733864e-03, 7.75176166e-03,
       7.29976092e-03, 6.86133641e-03, 6.43648813e-03, 6.02521609e-03,
       5.62752029e-03, 5.24340072e-03, 4.87285739e-03, 4.51589029e-03,
       4.17249942e-03, 3.84268478e-03, 3.52644638e-03, 3.22378421e-03,
       2.93469826e-03, 2.65918855e-03, 2.39725507e-03, 2.14889782e-03,
       1.91411679e-03, 1.69291199e-03, 1.48528342e-03, 1.29123107e-03,
       1.11075495e-03, 9.43855043e-04, 7.90531360e-04, 6.50783896e-04,
       5.24612648e-04, 4.12017613e-04, 3.12998788e-04, 2.27556169e-04,
       1.55689750e-04, 9.73995226e-05, 5.26854765e-05, 2.15475926e-05,
       3.98583438e-06, 9.97466694e-11, 1.68601393e-10, 1.13940895e-09,
       2.12666181e-09, 3.04626960e-09, 1.12866692e-09])
